0.0385346 0 0.026232 0.0213053 0.023174 0.00422321 0.0257609 0.0300453 0.0520277 0.0984798 
0.0179249 0.0303544 0.0151177 0 0.0170181 0.0211911 0.0141861 0.0146754 0.0116529 0.0303544 
0.0117228 0.0107662 0.00584512 0.0107662 0.00603958 0 0.0153944 0.0197147 0.00476113 0.0107662 
0.0104954 0.00602095 0.0092501 0.00602095 0 0.0137554 0.00965905 0.0137554 0.00950984 0.00602095 
0 0.00830497 0.00477098 0.00830497 0.00607705 0.00607705 0.00240646 0.00607705 0.0155439 0.00830497 
0.00442378 0 0.00822624 1.07086e-17 0.00350477 0.00350477 0.00150203 0.00350477 0.00442378 3.29495e-18 
0.00535246 0.00360618 0.00360618 0.00360618 0 2.53202e-18 0.00307694 5.06404e-18 0.00535246 0.00360618 
0.00119112 0.00238642 0.00238642 0.00238642 0.00119112 0.00119112 0 0.00119112 0.00119112 0.00238642 
0.000474827 6.66167e-18 0 2.34775e-16 0.000474827 0.000474827 1.82206e-16 0.000474827 0.000474827 1.82206e-16 

