0.0268537 0.0211705 0.0203877 0 0.0316945 0.0295766 0.037681 0.0246461 0.0347573 0.0502886 0.0540596 0.0441143 0.0997787 
0.0078487 0 0.0143942 0.00860487 0.012686 0.0138977 0.015816 0.0131734 0.0116058 0.0189218 0.0231454 0.0160986 0.00860487 
0.0089681 0.00446707 0.00585135 0.000399392 0.003039 0 0.00615555 0.0124308 0.00539531 0.0050926 0.00446707 0.00523674 0.000399392 
0.00743697 0.00599834 0 0.00650009 0.00864218 0.00721441 0.00807646 0.00721441 0.0106433 0.00595143 0.00599834 0.0059978 0.00650009 
0 0.00393182 0.00418837 0.00848371 0.00427309 0.00412986 0.00411635 0.00412986 0.00418837 0.00367802 0.00393182 0.00432777 0.00848371 
0.00302346 0 0.00445593 0.00302346 0.00367351 0.00315914 0.00348501 0.00315914 0.00445593 0.0069338 0 0.00450468 0.00302346 
0.00231361 0.00325814 0.00177265 0.00231361 0.00335968 0.0055805 0 0.0055805 0.00177265 0.00325814 0.00325814 0.000984543 0.00231361 
0.00385908 0.00204064 2.19491e-18 0.00385908 0.000286818 0.00141962 0.00141962 0.00141962 0 0.00204064 0.00204064 0.00346387 0.00385908 
7.53878e-17 0.00149431 6.10999e-17 0 0.000536886 0.000702265 0.000702265 0.000702265 7.35079e-17 0.00149431 0.00149431 0.00225275 7.33199e-17 
0.000188013 0 0.000188013 0.000188013 0.000214096 0.00142588 0.00142588 0.00142588 0.000188013 6.53448e-18 3.26724e-18 0.000188013 0.000188013 
1.35512e-16 0.00064992 1.184e-16 0 0.0013056 0.00064992 0.00064992 0.00064992 1.22131e-16 0.00064992 0.00064992 2.43289e-19 1.20833e-16 
5.42549e-18 0.000624484 3.84023e-17 5.44245e-17 5.43397e-17 0.000624484 0.000624484 0.000624484 0 0.000624484 0.000624484 5.49331e-17 0 

